      0.00000000	       0.00000000	
      0.10000000	       0.00124896	
      0.20000000	       0.00498335	
      0.30000000	       0.01116586	
      0.40000000	       0.01973466	
      0.50000000	       0.03060402	
      0.60000000	       0.04366510	
      0.70000000	       0.05878694	
      0.80000000	       0.07581776	
      0.90000000	       0.09458630	
      1.00000000	       0.11490348	
      1.10000000	       0.13656415	
      1.20000000	       0.15934902	
      1.30000000	       0.18302670	
      1.40000000	       0.20735590	
      1.50000000	       0.23208767	
      1.60000000	       0.25696775	
      1.70000000	       0.28173894	
      1.80000000	       0.30614354	
      1.90000000	       0.32992573	
      2.00000000	       0.35283403	
      2.10000000	       0.37462363	
      2.20000000	       0.39505869	
      2.30000000	       0.41391459	
      2.40000000	       0.43098004	
      2.50000000	       0.44605906	
      2.60000000	       0.45897285	
      2.70000000	       0.46956150	
      2.80000000	       0.47768550	
      2.90000000	       0.48322705	
      3.00000000	       0.48609126	
      3.10000000	       0.48620701	
      3.20000000	       0.48352770	
      3.30000000	       0.47803169	
      3.40000000	       0.46972257	
      3.50000000	       0.45862918	
      3.60000000	       0.44480540	
      3.70000000	       0.42832966	
      3.80000000	       0.40930431	
      3.90000000	       0.38785471	
      4.00000000	       0.36412815	
      4.10000000	       0.33829248	
      4.20000000	       0.31053470	
      4.30000000	       0.28105923	
      4.40000000	       0.25008610	
      4.50000000	       0.21784898	
      4.60000000	       0.18459311	
      4.70000000	       0.15057303	
      4.80000000	       0.11605039	
      4.90000000	       0.08129152	
      5.00000000	       0.04656512	
      5.10000000	       0.01213977	
      5.20000000	      -0.02171841	
      5.30000000	      -0.05474815	
      5.40000000	      -0.08669538	
      5.50000000	      -0.11731548	
      5.60000000	      -0.14637547	
      5.70000000	      -0.17365604	
      5.80000000	      -0.19895351	
      5.90000000	      -0.22208164	
      6.00000000	      -0.24287321	
      6.10000000	      -0.26118151	
      6.20000000	      -0.27688160	
      6.30000000	      -0.28987135	
      6.40000000	      -0.30007233	
      6.50000000	      -0.30743039	
      6.60000000	      -0.31191614	
      6.70000000	      -0.31352507	
      6.80000000	      -0.31227756	
      6.90000000	      -0.30821859	
      7.00000000	      -0.30141722	
      7.10000000	      -0.29196595	
      7.20000000	      -0.27997974	
      7.30000000	      -0.26559491	
      7.40000000	      -0.24896783	
      7.50000000	      -0.23027341	
      7.60000000	      -0.20970347	
      7.70000000	      -0.18746493	
      7.80000000	      -0.16377784	
      7.90000000	      -0.13887339	
      8.00000000	      -0.11299172	
      8.10000000	      -0.08637973	
      8.20000000	      -0.05928881	
      8.30000000	      -0.03197253	
      8.40000000	      -0.00468434	
      8.50000000	       0.02232474	
      8.60000000	       0.04880837	
      8.70000000	       0.07452711	
      8.80000000	       0.09925055	
      8.90000000	       0.12275940	
      9.00000000	       0.14484734	
      9.10000000	       0.16532291	
      9.20000000	       0.18401112	
      9.30000000	       0.20075496	
      9.40000000	       0.21541672	
      9.50000000	       0.22787915	
      9.60000000	       0.23804639	
      9.70000000	       0.24584469	
      9.80000000	       0.25122298	
      9.90000000	       0.25415319	
     10.00000000	       0.25463031	
     10.10000000	       0.25267233	
     10.20000000	       0.24831987	
     10.30000000	       0.24163568	
     10.40000000	       0.23270391	
     10.50000000	       0.22162914	
     10.60000000	       0.20853530	
     10.70000000	       0.19356434	
     10.80000000	       0.17687482	
     10.90000000	       0.15864029	
     11.00000000	       0.13904752	
     11.10000000	       0.11829473	
     11.20000000	       0.09658959	
     11.30000000	       0.07414721	
     11.40000000	       0.05118808	
     11.50000000	       0.02793593	
     11.60000000	       0.00461559	
     11.70000000	      -0.01854910	
     11.80000000	      -0.04133747	
     11.90000000	      -0.06353402	
     12.00000000	      -0.08493049	
     12.10000000	      -0.10532776	
     12.20000000	      -0.12453767	
     12.30000000	      -0.14238475	
     12.40000000	      -0.15870784	
     12.50000000	      -0.17336146	
     12.60000000	      -0.18621717	
     12.70000000	      -0.19716462	
     12.80000000	      -0.20611254	
     12.90000000	      -0.21298945	
     13.00000000	      -0.21774426	
     13.10000000	      -0.22034659	
     13.20000000	      -0.22078694	
     13.30000000	      -0.21907666	
     13.40000000	      -0.21524771	
     13.50000000	      -0.20935223	
     13.60000000	      -0.20146190	
     13.70000000	      -0.19166714	
     13.80000000	      -0.18007614	
     13.90000000	      -0.16681368	
     14.00000000	      -0.15201988	
     14.10000000	      -0.13584871	
     14.20000000	      -0.11846646	
     14.30000000	      -0.10005006	
     14.40000000	      -0.08078528	
     14.50000000	      -0.06086494	
     14.60000000	      -0.04048699	
     14.70000000	      -0.01985256	
     14.80000000	       0.00083601	
     14.90000000	       0.02137707	
     15.00000000	       0.04157168	
     15.10000000	       0.06122546	
     15.20000000	       0.08015046	
     15.30000000	       0.09816695	
     15.40000000	       0.11510509	
     15.50000000	       0.13080655	
     15.60000000	       0.14512591	
     15.70000000	       0.15793209	
     15.80000000	       0.16910946	
     15.90000000	       0.17855891	
     16.00000000	       0.18619872	
     16.10000000	       0.19196524	
     16.20000000	       0.19581340	
     16.30000000	       0.19771711	
     16.40000000	       0.19766930	
     16.50000000	       0.19568200	
     16.60000000	       0.19178604	
     16.70000000	       0.18603067	
     16.80000000	       0.17848301	
     16.90000000	       0.16922726	
     17.00000000	       0.15836384	
     17.10000000	       0.14600827	
     17.20000000	       0.13229002	
     17.30000000	       0.11735113	
     17.40000000	       0.10134480	
     17.50000000	       0.08443383	
     17.60000000	       0.06678897	
     17.70000000	       0.04858722	
     17.80000000	       0.03001010	
     17.90000000	       0.01124182	
     18.00000000	      -0.00753251	
     18.10000000	      -0.02612870	
     18.20000000	      -0.04436525	
     18.30000000	      -0.06206514	
     18.40000000	      -0.07905749	
     18.50000000	      -0.09517927	
     18.60000000	      -0.11027677	
     18.70000000	      -0.12420711	
     18.80000000	      -0.13683957	
     18.90000000	      -0.14805680	
     19.00000000	      -0.15775591	
     19.10000000	      -0.16584939	
     19.20000000	      -0.17226593	
     19.30000000	      -0.17695099	
     19.40000000	      -0.17986728	
     19.50000000	      -0.18099507	
     19.60000000	      -0.18033222	
     19.70000000	      -0.17789420	
     19.80000000	      -0.17371382	
     19.90000000	      -0.16784083	
